3
0 0 0 3 9 18
0 0 2 2 2 02/02/0002
0 2 1 1 1 01/01/0001
1 0 2 2 2 02/02/0002
1 2 1 BST04 12345 12/03/2017
2 0 2 2 2 02/02/0002
2 2 1 1 1 01/01/0001
3 0 1 1 0 01/01/0001
3 1 2 BST03 32000 18/03/2017
4 0 1 1 1 01/01/0001
4 1 2 2 2 02/02/0002
5 0 1 1 1 01/01/0001
5 1 2 2 2 02/02/0002
6 0 2 BST02 18000 01/02/2017
6 2 1 BST01 12000 21/01/2017
7 0 2 2 2 02/02/0002
7 2 1 1 1 01/01/0001
8 0 2 2 2 02/02/0002
8 2 1 1 1 01/01/0001
20 15 12 2 18 12
3 0 1 1 0 01/01/0001
3 1 1 1 1 01/01/0001
4 0 2 2 2 02/02/0002
6 0 1 1 1 01/01/0001
6 1 1 1 1 01/01/0001
7 0 2 2 2 02/02/0002
9 0 2 2 2 02/02/0002
10 0 2 2 2 02/02/0002
12 0 2 2 2 02/02/0002
14 0 1 1 0 01/01/0001
15 1 1 1 1 01/01/0001
17 1 1 1 1 01/01/0001
40 31 0 4 6 18
0 0 1 1 1 01/01/0001
0 1 1 1 1 11/01/0001
0 2 1 1 1 01/01/0001
0 3 1 1 1 01/01/0001
1 0 1 1 1 01/01/0001
1 1 2 2 2 02/02/0002
1 3 1 1 1 01/01/0001
2 0 2 2 2 02/02/0002
2 2 2 2 2 02/02/0002
3 0 2 2 2 02/02/0002
3 2 2 2 2 02/02/0002
4 0 1 1 1 01/01/0001
4 1 2 2 2 02/02/0002
4 3 1 1 1 01/01/0001
5 0 1 1 1 01/01/0001
5 1 1 1 1 01/01/0001
5 2 1 1 1 01/01/0001
5 3 1 1 0 01/01/0001
